nom	année	notes	adresse	horaires	sexe
Rousseau	1876		R. République 77, St-Denis (Seine).		
Rousseau	1888		Herbiniac (Loire-Inf.).		
Rousseau St-Philippe	1872	✶ I	Chemin du Pavé des Charbons 53, Bordeaux (Gir.).		
Rousseau	1894		Conflans-Ste-Honorine (S.-et-Oise).		
Rousseau	1868		Thilay (Ardennes).		
Rousseau	1897		à Bruyères (Vosges).		
Rousseau (E.)			à Brest (Finistère).		
Rousseau	1898		à Orléans.		
Roussel	1891		Reims (Marne).		
Roussel	1898		à Champlemy (Nièvre).		
Roussel	1873	O	Romescamps (Oise)		
Roussel	1881		St-Etienne (Loire).		
Roussel (Mlle Marie)	1890		à Rouen.		Mlle
Roussel			Villasavery (Aude).		
Roussel			à Rochefort (Puy-de-Dôme).		
Roussel	1901		Nouvion (Aisne).		
Rousselier			Dangeau (Eure-et-L.)		
Rousselot	1879	O I	St-Dié (Vosges).		
Rousselot	1840		Sennecy (S.-et-Loire).		
Rousselot-Beaulieu	1864		Périgueux (Dordogne).		
Rousset (C.)	1876		St-Jean-de-Bournay (Isère).		
Rousset	1875		Senlis (Oise).		
Rousset			rue Thiers, Marseille.		
Roussy			boul. Corderie 81, Marseille.		
Roustain	1900		à Jarnages (Creuse).		
Roustan	1867	✶ O	Cannes (Alpes-M).		
Roustan	1869		Creil (Oise).		
Roustan fils	1901		Creil (Oise).		
Roustan	1861		Grasse (Alpes-Mar.).		
Routier	1873		à Mézin (Lot-et-Garonne).		
Routier	1893		à Astafort (Lot-et-Gar.).		
Routier	1900		Saint-Mandé (Seine).		
Rouveix	1879	✶	St-Germain-Lembron (Puy-de-Dôme).		
Rouveyrolis	1875	O	Aniane (Hérault).		
Rouvier			Cherbourg (Manche).		
Rouvier	1883		Voiron (Isère).		
Rouville (de)			Montpellier (Hérault).		
Roux (J.)	1892	O	cours Lieutaud 9, à Marseille.		
Roux (Gabr.)	1886		Montgrand 41, à Marseille).		
Roux	1893		Avignon (Vaucluse).		
Roux (A.)	1867		Chinon (I.-et-Loire).		
Roux	1899		Chinon (I.-et-Loire).		
Roux (J.-J.-G.)	1873		La Jarrie (Ch.-Inf.).		
Roux		✶	Royan (Char.-Inf.).		
Roux	1876		Nice.		
Roux (G.)	1879	O	Duhamel 17, Lyon.		
Roux	1893		Feurs (Loire).		
Roux	1877		Montélimar (Drôme).		
Roux	1848		à St-Jean-en-Royan (Drôme).		
Roux (César)	1890		rue Victor 35, Nice.		
Roux	1892		Riom (P.-de-D.).		
Roux			Mâcon (Saône-et-Loire).		
Roux	1897		Niort (Deux-Sèvres).		
Roux			Tonnay-Boutonne (Char. Inf.).		
Roux	1885		av. Noailles 55, Lyon.		
Roux	1874		Touzac (Charente).		
Roux	1890		Lorient (Morbihan).		
Roux	1874		à Morières (Vaucluse).		
Roux	1878		Hyères (Var).		
Roux			St-Valery (Somme).		
Roux			à Hermant (Puy-de-Dôme).		
Roux	1896		à Heyrieu (Isère).		
Roux (J.)			à St-Etienne (Loire).		
Roux	1900		Grenoble (Isère).		
Roux	1899		à Ferrières (Seine-et-Marne).		
Roux	1897		Bourg-St-Andéol (Ardèche).		
Roux-Signoret		✶	Hyères (Var).		
Rouxeau	1844		à Nantes (Loire-Inf.).		
Rouxel	1887		à Saint-Brieuc (C.-du-N.		
Rouxel	1900		Gennes (Maine-et-Loire).		
Rouyer	1885		Formerie (Oise).		
Rouyer	1875		Void (Meuse).		
Rouzé	1890		Saint-Genois 14, Lille.		
Roveri	1895		Istrea (B.-du-Rhône).		
Roy	1893		Argenton-Chat. (Deux-Sèvres).		
Roy (F.)	1868		Savigny-en-Revermont (S.-et-Loire).		
Roy	1899		à Savigny (S.-et-L.).		
Roy	1891		Clavette (Char.-Inf ).		
Roy	1893		l'Aiguillon-sur-Mer (Vendée).		
Roy	1898		à Tournon (Indre).		
Roy			à Frontenay (Deux-Sèvres).		
Roy de Clotte	1878		Fondaudège 53, Bordeaux (Gironde).		
Roy	1895		St-Foy (Rhône).		
Roy	1900		Pontarlier (Doubs).		
Royer (A.)	1892		Recey-s.-Ource (C.-d'Or).		
Royer	1893		Creil (Seine).		
Royer	1857	✶	à Challes (Savoie)	l'hiver à Paris	
Royer	1892		Angers (M.-et-L.).		
Royer (P.)	1862		av. Paris 10, Versailles (S.-et-Oise).		
Royer	1896		St-Dizier (Hte-Marne).		
Royer	1896		Arnay-le-Duc (Côte-d'Or).		
Royer-Collard			St-Symphorien (Indre-et-Loire).		
Royer	1897		à Puisserguier (Hérault).		
Royer	1897		Bar-sur-Aube.		
Royet	1890		r, Répnblique 68, Lyon.		
Rozier (H.)	1875		Benquet (Landes).		
Rozier	1859		Vite-Carles 18, Bordeaux.		
Rozier	1891		Bernay (Eure).		
Roziers	1894		Castelnau (Gers).		
Rozier			à Cauterets (Hte-Pyr.).		
Ruais (A.)	1865		Martigné (M.-et-Loire).		
Ruais	1897		à Martigné (Maine-et-L.).		
Ruais	1899		à Ouarre (Yonne).		
Ruais	1900		Doué (Maine-et-Loire).		
Ruault	1888		La Poûté (Mayenne).		
Rudelle	1865		Rouffignac (Dordogne).		
Ruffier	1894		à Gemenos (B.-du-Rhône).		
Ruffier	1901		Argenteuil (Seine-et-Oise).		
Ruel de Sourouvre			à Oran.		
Ruelle	1883		Commentry (Allier).		
Ruelle (de)	1863		Sainte 19, Marseille.		
Ruffandis	1881		Maury (Pyr.-Or.		
Ruet	1881		Montsols (Rhône).		
Rul	1888		Beziers (Hérault).		
Rullier (E.)	1858		Tlemcen (Oran).		
Rumeau	1886		(Ariège).		
Rumen	1875		Montargis (Loiret).		
Rumpelmayer (Mad.)	1896		à Nice.		(Mad.
Rumpelmayer	1900		à Nice.		
Ruotte			Lons-le-Saulnier (Jura).		
