nom	année	notes	adresse	horaires
Vaux	1874		Châlon-sur-Saône (Saone-et-Loire)	
Veaux	1863		Chartriers-Ferrière Corrèze	
Veniel	1876		Croisilles (Pas-de-Calais)	
Verbeck			Tours (Indre-et-Loire)	
Verbeck			St-Pierre-des-Corps (Indre-et-Loire)	
Verdeau fils			Tarnac (Corrèze)	
Verdeau	1860		Solignac (Hte-Vienne)	
Verdière	1837		Valmont (Seine-Inf.)	
Verdier			Sarrancolin (Hautes-Pyr.)	
Verger	1872		Séméac (Htes-Pyr.)	
Vergeron	1843		Orleix (Htes-Pyr.)	
Vergez	1872		Seméac (Htes-Pyr.)	
Vergnol			Laforce (Dordogne)	
Verneuil			Epernay (Marne)	
Verrier	1880		Moliens-Vidame (Somme)	
Versey	1850		Blaizy-Bas (Côte-d'Or)	
Versini	1876		Cristinacre (Corse)	
Versini	1834		Marignana (Corse)	
Veule	1837		St-Saëns (Seine-Inf.)	
Vellutini	1852		Azzana (Corse)	
Vespérini	1857		Mailly-la-Ville (Yonne)	
Vial	1885		Bourg (Ain)	
Vialard	1863		Frontenac (Gironde)	
Vialet	1841		Royan (Charente-Inf.)	
Vidal	1869		Montpellier (Hérault)	
Vidal			Noailles (Oise)	
Vidalon	1865		la Tour-d'Aigues (Vaucluse)	
Videment	1844		St-Quay (Côtes-du-Nord)	
Vignes	1878		Larreule (Hautes-Pyrénées)	
Vié	1838		Salles-d'Aude (Aude)	
Vignon	1881		Ville-en-Tardenois (Marne)	
Vilade	1867		Sarrant (Gers)	
Vilade (J.)	1883		Cologne (Gers)	
Vilaseca	1848		Perpignan (Pyrénees-Orient)	
Villaud			Port-St-Foye (Seine-et-Oise)	
Villain-Legrand			Auvers-sur-Oise. (Dordogne)	
Villebrun			Antignac (Hérault)	
Villars	1852		Toulon-sur-mer (Var)	
Villon	1880		Tostat (Hautes-Pyr.)	
Vincent	1840		Halloy-les-Pernois (Somme)	
Vincent	1868		Pecquencourt (Nord)	
Vincenti (de)	1864		Cervione (Corse)	
Vinsonneau (J.)	1477		Tombeboeuf	
Vivaret	1829		Béziers (Hérault)	
Vivès	1884		Bertren (Htes-Pyr.)	
Vivet	1853		Méréville (Seine-et-Oise)	
Vollette	1858		Dampierre-sur-Salon (Hte-Saône)	
Voisenet	1838		Quarré-les-Tombes (Yonne)	
Wagon	1843		Somain (Nord)	
Wautiez	1850		Rumilly (Nord)	
Wargnier	1829		Beauquesne (Somme)	
Wartel	1864		Nomain (Nord)	
Wast?			St-Amand (Pas-de-Calais)	
Watebled	1849		Coulanges-en-Tardenois (Aisne)	
Wemaère	1876		Wormhoudt (Nord)	
Werbeck	1864		Tours (Ind.-et-Loire)	
Willerval	1875		Arras (Pas-de-Calais)	
Willerval	1862		Avion (Pas-de-Calais)	
Wimy	1852		Pierrepont-en-Laonnois	
Yves?			Villefranche (Allier)	
Yvon			Cinq-Mars (Indre-et-Loire)	
Yvonnet	1875		St-Julien-Lars (Vienne)	
Zabala			Boissezon (Tarn)	
Ziénowicz	1879		Laveline (Vosges)	
Zouin	1837		Caudebec (Seine-Inférieure)	
Zurcher	1849		Nice (Alpes-Maritimes.)	
