nom	année	notes	adresse	horaires
Donon	1879		Legendre 73	Lun. Mer. Ven. 1 à 2 1/2
Doré (E.) ✶	1883		St-Martin 4	Lun. Mer. Jeu. Sam. 2 à 4; Mar. soir 8 à 9
Dorveaux (P.) ✶	1880	Bibliothécaire Ec. sup. de phar.	av. d'Orléans 58	
Doucet		(Dir. de l'établis. vaccinogène, Caulaincourt 26)	Martyrs 74	2 à 3
Doury	1882		Beuret 8	1 à 4
Douville ✶	1858		rue de Rivoli 124	Lun. Mer. Ven. 1 1/2 à 3
Dreyer-Dufer O ✶ ✶	1875	Chir. en chef aux ambulances de campagne 1870-71, mal. de l'estomac et du tube digestif		Jeu. Sam. 2 à 4
Dreyfus ✶	1877		Faub. Poissonnière 34	Lun. Mer. Ven. 2 à 4
Dreyfus-Brisac ✶	1878	Méd. de l'hôp. Lariboisière	Berlin 6	Lun. Mer. Ven. 1 à 3
Dromain ✶	1877		Bonaparte 45	1 à 3
Dromard	1858		boul. Magenta 46	1 à 3
Droubaix (Louis)	1887		Roquette 18	4 à 5
Drouet	1887	Ex-int. des Hôp., Mal. des enfants	boul. Magenta 7	Lun. Mer. Ven. 1 à 3
Drouin	1892		Av. de l'Opéra 13	
Drouineau ✶			Leverrier 19	Lun. Mer. Ven. 3 à 5
Druet	1894		Grange-Batelière 5	
Dubarry (Alphée)	1889	anc. int. des Hôp	Mail 13	1 à 3
Dubief ✶	1887		Moscou 9 bis	L. M. V. 2 à 4
Dubois	1886		Brézin 23	1 à 3
Dubost (F.)	1891		Chauveau-Lagarde 8	L. Mer. Ven. 1 à 3
Duboys de Lavigerie ✶	1880	Mal. des yeux. Clin. Saint-Dominique 76	Victoire 56	4 à 6 exc. Jeu., midi à 2
Dubrisay ✶	1860	Membre du Con. des Hôp.	Marengo 6	Lun. Mer. Ven. 2 à 4
Dubrisay fils	1894		Marengo 6	le Jeu. de 1 à 2
Dubroca	1879		Blanche 83	à 1
Dubuc ✶	1864	Ex-Int. des Hôp., Voies urin.	Taitbout 83	1 à 3, Exc. Jeu.
Ducamp	1876		av. Wagram 53	L. M. V. 1 à 3
Ducasse	1883	Méd. adj. à la police Municipale	Trévise 33	1 à 3
Ducellier			Allemagne 13	
Duchastelet	18.6	Réd. en chef des Annales médico-chirurgicales	Portalis 11 bis	Lun. Mer. Ven. 1 à 3 h.
Duchaussoy O ✶ ✶	1854	AGR.	Beaux-Arts 8	Mar. Jeu. Sam. midi à 3
Duchesne	1864	Ex-Int. des Hôp.	cité Vaneau 11	Lun. Mer. Ven. 1 à 3
Duchesne	1885		Pigalle 15	L. M. V. 2 à 4
Ducor ✶	1879	accouch.	av. de Villiers 87	Lun. Mer. Ven. 1 à 3
Dufestel	1888		Jourdain 10	midi à 2
Duflocq		Chef de clin. à la Fac.	boul. Haussmann 50	Lun. Mer. Ven. 1 à 3
Dufour (W.)	1889	Anc. int. de l'Hôp. de Versailles	Château 121	1 à 3
Dufournier (Léon)	1893	Anc. Int. des Hôp.	de la Tour 102	M. J. S. 1 à 3
Duguet O ✶	1866	AGR., M. H.	Londres 60	Lun. Mer. Ven. midi 1/2 à 2 1/2
Duloroy	1892	Gynécol. et Accouch.	Châteaudun 15	L. M. V. 12 à 3
Dujardin-Beaumetz C ✶	1862	M. H., M. A. M.	boul. St-Germain 176	Lun. Mer. Sam. 2 à 4; Ven. 1 à 2
Dumont (L.)	1889	oreilles, nez, gorge-larynx. Clin: Pl Saint-André des-Arts 11	Pl. du Théâtre-Français 3	Lun. Mer. Ven. 1 à 5; Mar. Jeu. Sam. 4 à 6 et 7 à 9 soir
Dumont			Bd Haussmann 27	1 à 4 Exc. Jeu.
Dumontpallier O ✶ ✶	1857	M. H.	Vignon 24	midi à 2
Dumoret (P.)	1889	anc. int. des hôp., Laur. de la Fac., Gynécologie opératoire	Rivoli 87	Lun. Mer. Ven. 2 à 4
Dunn Shervood (V. Shervood)				
Duplaix	1883	M. H.	St-Lazare 107	Lun. Mer. Ven. 2 à 4
Duplantier	1877		boul. Barbès 62	1 à 3
Duplay (Simon) O. ✶	1864	P. F. P. M, A. M. CH. H.	Cambacérès 10	L. Mer. V. 1 à 3
Dupont	1889		boul. de Belleville 1	2 à 3
Dupont	1882		des Pyramides 17	11 à 12 et 3 à 6
Dupouy	1869		b. Sébastopol 81	1 à 3
Duprat	1892		La Chaise 12	
Dupré	1881		boul. Port-Royal 82 (et Ph.)	
Dupré O.	1884		C. de Vincennes 37	1 à 2
Dupré (B.)	1884	Formulaire mens. de Thérapeut. et de Pharmacol.	Rennes 123	2 à 3
Dupré (Ernest)	1891	anc. int. des hôp.	Fromentin 8	M. J. S. 1 à 3
Dupuis (H)			Milan 19	
Dupuy de Frenelle	1854		boul. ...main 33	
Dupuy (Eug.)	1873		av. Montai...	1 ...
