nom	année	notes	adresse	horaires
Vidal (Edm.)	1892		Blidah (Alger)	
Vidal			St-Martin-d'Ablois (Marne)	
Vidal	1898		à Nice (Alpes-Maritimes)	
Vidal (Ch.)	1901		Castres (Tarn)	
Vidalin	1904		Naves (Corrèze)	
Vidaud de Pommeray	1897		Pau	
Vié	1894		Toulouse (Haute-Garonne)	
Vieillard	1872	✶	Ribemont (Aisne)	
Vieilliard	1898		Consenvoye (Meuse)	
Vieillard-Baron	1895		à Autun (S.-et-L.)	
Viel (J.-B.)	1878		Picauville (Manche)	
Viel	1901		Ganges (Herault)	
Vieille	1878		Pey (Landes)	
Vienne (P.)			pl. Thiers 1, Tourcoing	
Vieille			Trion 55, Lyon	
Vieille			Grenette 4, Lyon	
Vienne (Léonce)			Lille	
Vienne			Inkermann 46, à Lille	
Vienne			à Bouchain (Nord)	
Vienne (Cl.)			Beaucamp (Nord)	
Vieu	1891		Ollargues (Hérault)	
Vigan	1897		rue de Paris, 28, Nice	
Vigen (C.)	1882		La Garde (Char.-Inf.)	
Vigenaud	1867	✶, ✶	Clermont-Ferrand	
Viger	1883		à Abbeville (Somme)	
Vigier	1903		Chaussenoc (Cantal)	
Vigier	1905		Trizac (Cantal)	
Vignard			Boissac 9, Lyon	
Vignard			Nantes (Loire-Inférieure)	
Vignardou	1885		Vendœuvres-en-Br. (Indre)	
Vignardon	1898		Vendœuvres (Indre)	
Vignau	1895		à Marmande (Lot-et-Gar.)	
Vignaud	1900		Voltaire 36 Levallois	
Vignaud	1902		r. Falret 2, Vanves (S.)	
Vignaud-Dupuy	1895		St-Junien (H.-V.)	
Vignaudon	1893		La Souterraine (Cr.)	
Vignaux	1877		à Castelnau (H.-Pyr.)	
Vignaux	1878		Luchon (Haute-Gar.)	
Vigné	1884		Octon (Hérault)	
Vignaud	1901		Vanves (Seine)	
Vigne	1902		av. Saxe, 147, Lyon	
Vigneau	1866		Salies-de-Béarn (B.-Pyr.)	
Vigneron	1895		Raucourt (Ardennes)	
Vigneron	1894		Champniers (Charente)	
Vigneron	1901		Nancy	
Vignes	1885		Lourdes (Htes-Pyr.)	
Vignes O	1867	✶	Tarbes (Htes-Pyr.)	
Vignes	1889		Tulettes (Drôme)	
Vignes	1895		Châteaurenard (B.-du-R.)	
Vignes	1895		à Cadaujac (Gironde)	
Vignes (G.)			à Nice	
Vignes	1868		Corbeil (Seine-et-Oise)	
Vignon			à Ville-en-Tard (Marne)	
Vignon	1902		Juneville (Ardennes)	
Vigot	1884		Caen (Calvados)	
Vigour	1897		à Combourg (Ille-et-V.)	
Vigouroux (J.-G.)	1861		Dun-sur-Auron (Cher)	
Vigouroux	1891		Ruelle (Charente)	
Vigouroux	1903		Montpellier	
Vigroux			à Bozouls (Aveyron)	
Viguié (E.)	1861		Montauban (T.-et-G.)	
Viguié	1892		Rieupeyroux (Aveyron)	
Viguier	1879		Nîmes (Gard)	
Viguier	1900		Montpellier (Hérault)	
Viguier			Villefranche (Aveyron)	
Vilfroy	1882		Sedan (Ardennes)	
Villanova	1898		Saint-Mandé (Seine)	
Villar	1860		Deville 11, Toulouse	
Villard	1886	Q	Castillon 9, Bordeaux	
Villard (J.-B.)	1872		Guéret (Creuse)	
Villard fils	1893		Montéde Lodi 10, Mars.	
Villard	1900		Nantes	
Villard			Présid. Carnot 3, Lyon	
Villard (H.)	1895		boul. de l'Esplanade 25, Montpellier	
Villard (E.)	1878	✶ I	Verdun (Meuse)	
Villaret	1898		Meuse (Isère)	
Villebrun	1878		Capestang (Hérault)	
Villbrun	1890		Servian (Hérault)	
Villedary (G.)	1887		St-Vincent (Dord.)	
Villedieu	1901		Villeneuve (Ardèche)	
Villegente			Bordeaux, l'été à Bagnères	
Villemus (A.)	1875	U	Trets (B.-du-Rh.)	
Villeneuve fils (L.)	1867	✶ O Q I	Grignaud 32, Marseille (B.-du-Rhône)	
Villeneuve	1860		Varen (T.-et-Garonne)	
Villeneuve	1899		à Moissac (T.-et-G.)	
Villeneuve	1896		à Rambouillet (S-et-O)	
Villeneuve	1899		Agen (Lot-et-Gar.)	
Villepelet	1904		St-Amand (Cher)	
Villepelle	1891		Meaux (Seine-et-Marne)	
Villeprand	1859		à Manosque (B.-Alp)	
Viller	1887		Toul (Meurthe-et-Moselle)	
Villers	1900		Nomény (Meurthe-et-Mos.)	
Villette (L.)	1879		Dunkerque (Nord)	
Villière	1898		St-Denis (Seine)	
Villiers-Herluison	1892		Précigné (Sar.)	
Vilenski	1895		St-Etienne (Loire)	
Vilon (A,)	1888		Versailles (S.-et-Oise)	
Vilpelle	1856		Meaux (Seine-et-Marne)	
Vinant		✶ I	Meaux (Seine-et-Marne)	
Vinaver	1889		Limay (S.-et-Oise)	
Vinaver (Mad.)	1891		Limay (S.-et-O)	
Vince (C.-B.)	1883		Nantes (Loire-Inf.)	
Vincelet	1902		Aumal (S.-Inf.)	
Vincendon	1874		Côte-St-André (Isère)	
Vincens	1875		St-André (Hérault)	
Vincens (Th. O	1866	✶	Nice (A.-M.)	
Vincens	1900		St-Chely (Lozère)	
Vincent (N.)	1877	✶	Agon (Manche)	
Vincent	1878		Alger	
Vincent (J.)			Armentières (Nord)	
Vincent			Gouvieux (Oise)	
Vincent	1900		Toulon (Var)	
Vincent (J.)		✶	Thiers 16, Marseille	
Vincent	1876		Ingré (Loiret)	
Vincent	1884		Le Mans (Sarthe)	
Vincent			Mouvaux (Nord)	
Vincent (E.)	1876		St-Hélène 35, Lyon	
Vincent (L.)	1888		c. Gambetta 12, Lyon	
Vincent	1891		Nanterre (Seine)	
Vincent	1857		Vouziers (Ardennes)	
Vincent			Mandres (Seine-et-Oise)	
Vincent	1859		Giey (Haute-Marne)	
Vincent	1899		Cherancé (Sarthe)	
Vincent			Albens (Savoie)	
Vincent	1903		Tours	
