nom	année	notes	adresse	horaires
Pertat (H.)	1896	✶	av. de Villiers 107	L. Mer. V. 1 à 3
Pescher	1892	Anc. Int. d. Hôp. de Paris	Allemagne 84	Mar. Jeudi, Sam. 1 à 3
Pescheux	1896		Archives 17	L. Mer. V. J. 1 à 3 L. et J. 8 à 9 soir
Pessez	1888	Q I, Méd. cons. à Châtel-Guyon du 15 mai au 15 Octobre, l'hiver à Paris	Boursault 68	(N'exerce pas)
Pestemaltzoglou	1902		Commerce 79	1 à 3
Petiau (G.)	1875	(N'ex. pas à Paris). L'été à Challes (Savoie)	Douai 50 bis	
Petit (Léon)	1881	✶ Q	av. Messine 7	Lun. Mer. Vend. 2 à 4
Petit (Raymond)	1897	✶, Anc. Int. d. Hôp. de Paris, Chef de clin. adj. (Hôp. Necker)	av. Montaigne 57	L. M. V. 3 à 6
Petit (Alb.)	1882		boul. St-Marcel 49	1 à 6
Petit (Paul)	1883		b. St-Germain 203, Clin. Gynéc., Guy-de-la-Brosse 8	Mar. J. S. 1 à 3, L. Mer. Ven. 1 1/2 à 3 1/2
Petit (André)	1883	✶ Q M. H.	Sts-Pères 12	L. Mer. V. 2 à 3 1/2
Petit	1877	✶ I	Armaillé 21 bis	L. M. V. 12 à 2
Petit (Georges)	1896	✶	Rocher 51	L. M. V. 2 à 4
Petit (C.-A.)	1869	Q, L'été à Royat	Frédéric-Bastiat 8	
Petit (A.)		✶ ✶	Rennes 130	
Petit (Mad Heron de Villefosse)	1899		av. Clichy 96	1 a 3
Petit (Alfred)	1900	anc. int. de l'hospice de Nanterre	Bac 109	1 à 3, Mar. et V. ex.
Petit (Arthur)	1902	Admin. du Bureau de Bienfaisance du 5e Arr.	Bd St-Germain 18	à midi
Petit (André)	1902	l'hiver à Menton (Alpes-Mar.)	Bd St-Germain 18	
Petit (Paul)		Ex-Int. des Hôpit, Electroth. Mal. nerveuses, Rayons X	Caire 11	M. J. S., 1 à 4 et sur rendez-vous
Petit (Albert)	1900		Clignancourt, 58	L. Mer. V. et S. 2 à 4
Petit	1904	Bouche et dents	boul. Sébastopol 37	10 à 12 et 2 à 5
Petit (Paul)	1908		Godot-de-Mauroi 18	M. J. S. 1 à 3
Petit-Lardier (G.)	1907	Anc. Int. des Hôp. Oto-rhino Laryngol	Edimbourg 27, Clin. boul. St-Martin 39	M. J. S. 1 à 3 et sur rendez-vous, M. V. 2 à 6, L. J. 7 à 9 soir
Petitjean (P.)	1885	sénateur	Cassini 1	L. M. V. 9 à midi
Petitjean	1904	Mal. des femmes voies urinaires, Vénériennes	Rocher 78, Clin. Dames 104	L. M. V. sur rend.-vous, M. J. S. 3 à 6
Pêtre	1894	Q I O ✶, Méd. de l'ad. des Postes et Télégr.	St-Dominique 17	M. J. S. 3 à 4
Petrovitch	1890	✶, Accouc., Mal. des femmes	Av. Opéra 30	2 à 4
Petrucci	1866		rue Rochechouart 15	
Pettit (Aug.)	1900	✶, Chef de Lab. à la Fac. de M.	av. Montsouris 28	M. J S. 1 à 3
Peyré		✶ I, (n'exerce pas à Paris), l'été à Bagnols-de-l'Orne, Méd. consult. de l'Etabl. thermal	boul. Exelmans 113	
Peyronnet	1907		Buzenval 48-50 (XXe)	
Peyrot	1876	C ✶ Q, M. A. M. AGR. CH. H. H.	Lafayette 33	Lun. Mer. Ven. 2 à 4
Peyrot (J.)		Méd. en chef de l'Hôp. thermal à Néris-les-Bains, du 15 mai au 1er octobre	Carrefour de l'Odeon 4	l'hiver (n'exc. pas)
Peyrou	1890	Clin. Electroth. Mal. Nerveuse.	Four 24, M-le-Prince 48	Mar. et V. 10 à 12
Pezzer (de)	1880	✶ Q ✶ ✶, Chir. de la Maison dép. de Nanterre	Miromesnil 102	Mar. J. S. 2 à 4
Pfeiffer	1854	✶ Q	Guyot 32	1 à 3
Philippeau	1886	✶ I, Réd. en chef de la Gaz. de Gynécol, Mal. des femmes, Accouch.	Châteaudun 8 bis, Clin. Blondel 5	1 à 3, exc. Mar. et Ven., 4 à 6. Mar. et V. 1 à 3
Philippe (Paul)	1890	Anc. Int. des Hôp. de Paris, Méd. électr. de l'établ. thermal d'Evian	Artois 21	L. M. V. 1 à 4
Philippe (Paul)			St-Georges 54	L. M. V. 1 à 5
Philippe (J.)	1899		Poissy 15	
Philippe (Clément)	1897		Pitié 20	
Philippe (L.)	1901	Accouch. et Mal. des enf.	Archives 11	L. Mer. V 2 1/2 à 3
Philippi	1873	✶	César Franck 11	1 à 3 1/2
Phulpin (Emile)	1895	Inspect. adj. des asiles d'aliénés de la Seine, Anc. Int. des Hôp. de Paris	Rennes 111	M. J. S. 2 à 3
Piatot		Anc. int. des Hôp. de Paris	à	
