nom	année	notes	adresse	horaires
Espagnol	1895		Nailloux (Hte-Garonne).	
Esperandieu	1899		Souk-Ahras (Const.)	
Esperon	1905		Puyssaguier (Hérault).	
Espezel			Esperaza (Aude).	
Espezel	1900		Marseille.	
Espiau	1891		Mauvezin (Gers).	
Espieux	1899		Toulon (Var).	
Espinasse	1896		à Avignonet (Hte-Gar.).	
Espinasse	1901		Ainay-le-Chât. (Allier).	
Espinat			à Mouchy-Lagache (Somme).	
Espinauze	1903		Perrpignan (Pyr.-Or.)	
Espitalier	1872		Callian (Var).	
Espitallier	1902		Royat (Puy-de-Dôme).	
Esquirol	1905		Francescas (L.-et-G.).	
Esquivar	1880		Tarbes (Htes-Pyrénées).	
Essard	1899		Villeurbanne (Rhône).	
Essayan	1897		à Beziers (Hérault).	
Essayan	1897		Arlay (Jura).	
Estachy	1870		à Marseille.	
Estachy			Cavaillon (Vaucluse).	
Estay			St-Etienne (Loire).	
Estève	1889		Figeac (Lot).	
Estève			Brassac (Tarn).	
Estève			St-Georges (Maine-et-Loire).	
Estevenet (J.)	1855		Miélan (Gers).	
Estienne	1890		Vauvillers (Hte-Saône).	
Estienne	1906		Orléans.	
Estienny			Toulouse.	
Estor	1908		Blois.	
Estor	1888	Q	Montpellier (Hérault).	
Estrabaud	1889		Ecommoy (Sarthe).	
Estrada	1889		Belpech (Aude).	
Estradère	1863		Bagnères-de-Luchon.	
Estradère	1898		id.	
Estradère	1893		Talence (Gironde).	
Estradère	1892		Scaliger 1, Bordeaux.	
Etable	1897		Thiberville (Eure).	
Etchepare			Aldudes (Bass -Pyrén.).	
Etcheverry	1894		Baigorry (B.-Pyr.).	
Etcheverry	1905		St-Philbert (Eure).	
Etesse	1902		Treguier (Côtes-du-Nord).	
Etienne (A.)	1878		1, Astorg Toulouse.	
Etienne	1880		Nancy.	
Etienne	1893	✶ I	Nancy.	
Etienne	1880		à Villedomange (Marne).	
Etienne	1900		Renwez (Ardennes).	
Etienne	1902		Pont-à-Mousson (M.-et-M.)	
Étienne	1903		Vendeuil (Aisne).	
Etienne	1903		St-Pierre-de-B. (Eure).	
Etienne	1908		Pont-Faverger (Marne).	
Etiévant	1898		pl. Bellecour 8, Lyon.	
Ettling	1904		Masséna 26, Nice.	
Etterlen	1899		Contrexéville (Vosges).	
Ettighoffer	1881		Alger.	
Eudel (Mlle)	1902		Oran (Algérie).	
Eudes	1886		Cérisy-la-Salle (Manche).	
Eury (N.)	1878	✶	Charmes (Vosges).	
Eustache	1868		Lamalou (Hérault) l’été.	
Euvrard	1894		Vigny (Seine-et-Oise).	
Eveillé	1885	✶	St-Bonnet (Char.-Inf.).	
Even (J.-M.-M.)	1858		Vieux-Marché (Côtes-du-Nord).	
Eveno	1897		Tlemcen (Oran).	
Eveno	1905		Plumelion (Morbihan).	
Evesque			St-Geniez (Aveyron).	
Evrain	1888		Châlons-s-Marne (Marne).	
Evrard (E.-L)	1867		Epernay (Marne).	
Evrard			Tonnerre (Yonne).	
Evrot	1895		Chambéry (Savoie).	
Eychenne			Trois-Rois 2, Marseille.	
Eygline	1889		à Cémonos (B -du-Rhône).	
Eymery	1889	✶	Le Pizou, (Dordogne).	
Eymery	1877		Ouistreham (Calvados).	
Eymery	1907		Blaye (Gironde).	
Eymin	1904		Abeilles 24, Marseille.	
Eymonet			Dijon (Côte-d'Or).	
Eynard	1899		à Bourg-de-Péage (Dr.).	
Eynard	1905		St-Nazaire (Drôme).	
Eyquem			St-Médard-en-Jalles (Gironde)	
Eyraud	1886		Chavanay (Loire).	
Eyraud	1897		Bellay (Ain).	
Eyriès (A.)			boul. National 82, Marseille.	
Eyries fils			b. Madeleine 31, Marseille.	
Eyraud	1898		à Allègre (Hte-Loire).	
Eyssendeck	1902		Acheux (Somme).	
Eysserie	1902		Vaison (Vaucluse).	
Exesque			à St-Geniez (Aveyron).	
Ezano	1907		Le Cellier (L -Inf.).	
Ezra	1909		Valloire (Savoie).	
Fabignon	1903		Clermont (Oise).	
Fabre	1876	✶	Mors El Kebir (Oran).	
Fabre (P.)	1858	✶	Alais (Gard).	
Fabre	1895		Nimes (Gard).	
Fabre	1872		Commentry (Allier).	
Fabre	1900		Monesties (Tarn).	
Fabre (E.)	1872		Le Puy (Hte-Loire).	
Fabre	1895		à Lezignan (Aude).	
Fabre	1883		Romans (Drôme).	
Fabre	1889	✶	St-Rome-de-Tarn (Aveyr.).	
Fabre	1882		à Sens (Yonne).	
Fabre		✶	Astafort (Lot-et-Garonne).	
Fabre	1865		Revel (Hte-Garonne).	
Fabre (P.)	1883		Rivesaltes (Pyr.-Or.).	
Fabre	1876		St-Maxime (Var).	
Fabre	1869		à Saïda (Oran).	
Fabre	1898		à Graissessac (Hérault).	
Fabre	1885		à Olonzac (Hérault).	
Fabré		✶ I	Pl. Jacobins 1 Lyon.	
Fabre	1857		Poussan (Hérault).	
Fabre			à Lauris (Vaucluse).	
Fabre			à Pertuis (Vaucluse).	
Fabre	1897	Q	à Virieu (Isère).	
Fabre	1899		à Toulouse.	
Fabre	1899		à St-Sulpice (Tarn).	
Fabre	1900		St-Maxime (Var).	
Fabre	1900		Dompierre (Allier).	
Fabre	1902		Bort (Corrèze).	
Fabre	1904		Cassagnabère (Hte-Gar.).	
Fabre	1904		Mennecy (S.-et-Oise).	
Fabre	1905		Guéret (Creuse).	
Fabre			Degagnac (Lot).	
Fabre	1908		Castelnau-du-Mont (Tarn).	
Fabre de Parel	1879		à Dieppe (S.-Inf.).	
Fabre	1907		Roquemaure (Gard).	
Fabrègues (de)	1883		St-Felix (Hér.).	
Fabri	1907		Oued Atmenia (Constantine).	
Fabrié	1871		Puyssergnies (Hérault).	
