nom	année	notes	adresse	horaires
Rodier			Monsigny 15	1 à 4
Rœser	1876		boul. Magenta 83	Lun. Mer. Ven. 1 à 3
Roger	1887	AGR., M. H. P. P. P.	Perrault 4	Lun. Mer. Ven. 1 à 2
Rogier	1884		St-Antoine 145	1 à 3
Rolet	1896		Charenton 237	1 à 3
Rollin	1885		Rivoli 50	L. Mer. V. 2 à 4
Romme (R.)		Laur. de la Fac.	St-Jacques 161	1 à 2
Rondeau (P.)		Laur. de la Fac. et de l'Acad. de Méd.	Desbordes-Valmore 14	
Roques	1866	M. H.	Victoire 86	Lun. Mer. Ven. 1 à 3
Roques de Fursac	1892		Delaborde 46	
Roquetaillade (de)	1876		Mayet 4	1 à 3. Exc. Mer.
Rosapelly	1873	Ex-Int. des Hôp.	Buci 10	1 à 2
Rosenblith	1884	massage	Milan 14 bis	(L'été à Royat (Puy-de-Dôme) 1 à 2 1/2
Rosenthal (I.)	1888	Médecin-chirurgien du Consistoire central et du comité de bienfaisance israélite de Paris pour la circoncision. Médecine, chirurgie, accouchements	Francs-Bourgeois 29	Consult. de 1 à 3
Rosenthal (Mlle Thérèse)	1892	Mal. des femmes	Montaigne 36	Lun. Mer. Ven. 2 à 4
Rossi-Hartwick fils		Dents	St-Honoré 185	10 à 5, exc. mar.
Rotillon	1879		boul. Bonne-Nouvelle 8	Mar. Jeu. Sam. 1 à 3
Rottenstein			Royale 25	
Rotureau	1843		Choiseul 15	2 à 4
Roubaud	1867		av. Maine 43	1 à 2
Roubinovitch (Jacq.)	1890	Chef de Clin. de la Fac. à l'Asile Ste-Anne	Fg.-Poissonnière 115	L. Mer. V. 1 à 3
Rouffilange	1893		St-Lazare 20	1 1/2 à 3 1/2 tous les jours
Rouffinet (G.)	1891	Anc. Int. des Hôp., Mal. des yeux	Laffitte 15	Cons. 5 à 7. Clin., Navarin 2, Lun. Mer. Ven. 1 à 3
Rougeot	1870	✶	Rivoli 59	Lun. Mer. Ven. 2 à 4
Rougon	1861	✶	pass. Saulnier 9	
Rouhier	1871		Richelieu 102	1 à 3; Mar. et Sam. 8 à 9 soir
Roulin	1878		Maubeuge 16	3 à 6
Rouquès (Albert)	1893		Bergère 31	Lun. Mer. Jeu. Sam. 1 à 3
Roussan (Georges)	1892	Anc. Int des Hôpit.	av. Victor-Hugo 106	Mar. Jeu. Sam. 1 à 4, les autres jours 4 à 7
Rousseau	1883	Ex-Int. des Hôp.	boul. Montparnasse 123	L. Mer. V. 1 à 3
Rousseau (Edm.)	1876	Voies urinaires	Rennes 108	Lun. Mer. Ven. 2 à 4
Rousseau (Ed.)	1866	Méd. des Postes et Télégr.	Bourdaloue 1	2 à 4, exc. J. D.
Rousseau	1893	✶ ☤, Chir. Dent.	Martyrs 57	
Rousseau (L.)		Ex-Int. des Hôp., Acc. Gynécologie	boul. Beaumarchais, 52	1 à 3
Roussel (Th.)	1845	✶, M. A. M.	Faub.-St-Honoré 71	
Roussel (Albéric)	1881	Q I O ✶, Méd. du Minist. de l'Inst. publique. Mal. des femmes, électrothérapie	boul. Beaumarchais 47	1 à 3 Exc. Dim.
Roussel (X.)	1859		Victoire 94	Exc. Jeu. et Dim., 7 à 9 et 2 à 4
Roussy	1882		Bd St-Germain 20	
Routier	1881	CH. H.	Clément-Marot 22	Mar. Jeu. Sam. 2 à 3
Roux (F.)	1876	C ✶	Rivoli 142	1 à 3
Roux			Rome 141	1 à 3
Roux	1890	Clin. Mal. des femmes	Bd Sébastopol 66	1 à 4. Clin. Bleue 12. L. Mer. V. 9 à 10, J. 4 à 5
Roux C			✶, à l'Institut Pasteur	Dutot 25	
Rouxel	1881		Perchamps 38	10 à 11 et 2 à 4
Rovillain	1882	Mal. des femmes et des enfants	Temple 176	M. J. S. 1 à 3
Roy (M.)	1894		Rouget-de-l'Isle 5	2 à 6
Royer	1891		Mouton-Duvernet 14	12 à 2
Royer (A.)	1857	✶, Insp. des Eaux de Challes-Savoie	Berlin 19	
Royer	1859		av. Laumière 39	midi à 1
Rozier	1870		Petit-Pont 10	7 à 9 soir
Ruault	1883	✶, Maladies du larynx, du nez	Faub.-St-Honoré 83	Mar. Jeu. Sam. 2 à 4
Rubé	1872	O	Darcet 13	2 à 3. Exc. Ven.
Ruc	1869		St-Paul 22	1 à 3
Rueff	1883	O, Méd. adj. de l'Infirm. de la Préfect. de police	Commines 14	L. Mer. Ven. 1 à 3
Ruelle (H.) fils			Meaux 45	1 à 3
Ruffié (Jules)	1850		Vieux-Colombier 17	2 à 3
Ryan	1878		Scribe 19	1 à 4
Sabatié	1873	Ex-Int. des Hôp.	boul. Beaumarchais 111	1 à 3
Saboureau	1894	Mal. cutanées et cuir chevelu	Rome 12	L. Mer. V. 5 à 6, le Sam. 1 à 4
St-Aubin	1890		Bd Magenta 140	1 à 3
St-Germain (de)	1861	✶, maladies chirurgicales des enfants, CH. H.	Royale 24	1 à 3
St-Germain (Louis de)	1893		Montaigne 24	L. Mer. V. 1 à 3
