nom	année	notes	adresse	horaires
Heurtault	1882		St-Servan (Ille-et-V.)	
Heurtaux	1859	✶	Nantes (L.-Inf.)	
Heurteau	1890		Faye-aux-Loges (Loiret)	
Heurteaud	1882		St-Servan (Ille-et-V.)	
Heurtebise	1900		au Lude (Sarthe)	
Heuzard	1898		au Mans	
Heymann	1897		av. Notre-Dame, Nice	
Heymann			Vaudoy (Seine-et-Marne)	
Heylles	1860		à Magreville (Aude)	
Heyriès-Clément	1883		Valonne (B. A.)	
Hézard	1889		Maizières (Hte-Saône)	
Heze			à Bailleul (Nord)	
Hiblot	1869		Châteaudun (E.-et-Loire)	
Hie	1877		Livarot (Calvados)	
Hillairaud (F.)	1879		La Rochelle	
Hincelin	1878		Asfeld (Ardennes)	
Hintzy	1866	✶	Montmorency (S.-et-O.)	
Hirigoyen (L.)	1879		Enghien 10, Bordeaux (Gironde)	
Hirigoyen	1896		à Salles (Gironde)	
Hobbs	1893		Fondaudège 108. Bordeaux	
Hochstetter	1883		r. de Paris 137, Lille	
Hocquet			à Nauroy (Aisne)	
Hodeau	1889		Aubigny (Cher)	
Hodée (G.)			Carnot 10, Boulogne (Seine)	
Hodoul	1873	✶	Avranches (Manche)	
Hoël (H.)	1881		Reims (Marne)	
Hœling	1878		Montrouge (Seine)	
Hoffmann	1887		Menton (Alp.-Marit.)	
Hoisnard			à Retiers (Ille-et-Vilaine)	
Hollenfeltz			Verzy (Marne)	
Holmann	1877		Neuilly (Seine)	
Homery	1868		Bourges (Cher)	
Hommel	1899		à Remiremont (Vosges)	
Hommey	1887	✶ I	à Sées (Orne)	
Honnorat (S.)	1895		boul. Baille 9, à Marseille (Bouches-du-Rhône)	
Honnart	1855		B. des Ecoles 39, Lille	
Horand	1866		Hôtel-de-Ville 29, Lyon	
Horay	1894		à Moulin-Eng (Nièvre)	
Horcholle	1888		à La Ferté-sous-Jouarre (Seine-et-Marne)	
Horeau	1872	✶ I.	Fresnay (Sarthe)	
Hortolès	1881	Q	r. du Trésorier-de-la-Bourse, Montpellier (Hérault)	
Hospital	1865	✶	Clermont-Fd (P.-de-D.)	
Hottelier	1896		Bellegarde (Ain)	
Hottenier			à Nonancourt (Eure)	
Houdard	1860	✶	Pontarlier (Doubs)	
Houdard	1894		Pontarlier (Doubs)	
Houdart	1888		à Brest (Finistère)	
Houdard	1899		à Clichy (Seine)	
Houdé (E.)	1861		Coul.-la-Vin. (Yonne)	
Houdé fils	1900		à Coulanges (Yonne)	
Houdet	1881		Laval (Mayenne)	
Houdeville (P.)	1892		Thiers 48, Rouen	
Houdinet	1896		à Varenne-en-Arg (Me.)	
Houdoul	1873		à Avranches (Manche)	
Houdoux	1876		Chât.-du-Loir (Sarthe)	
Houdry			à Remy (Oise)	
Houet	1870		à St-Clément (M.-et-L.)	
Houeix de la Brousse	1880		Nantes	
Houeix de la Brousse	1898		Remouillée (Loire-Inferieure)	
Houel	1884		Bolbec (S.-Inf.)	
Houel			Marle (Aisne)	
Houette	1852	✶	La Chartre (Sarthe)	
Houpert	1877		Usson (Vienne)	
Houpert	1898		à Latillé (Vienne)	
Houpert	1899		à Angles (Vienne)	
Houcques	1893		rte d'Espagne 95, Bordeaux (Gironde)	
Houradou	1866	Q	Figeac (Lot)	
Houriez			à Lalaing (Nord)	
Hourlier	1880		à Ermont (S.-et-Oise)	
Houssay (F.-P.)			Pontlevoy (Loir-et-C.)	
Houssay fils	1894		Pontlevoy (L.-et-C.)	
Housset			à Arlonne (B.-Pyr.)	
Houzé (C.)	1860		Cus.-en-Morv. (S.-et-L.)	
Houzé	1896		à Nevers (Nièvre)	
Houzé	1888		Douchy (Nord)	
Houzel	1871		Viards 4, B.-s.-M. (P.-de-C.)	
Huart	1871		Trélon (Nord)	
Huart			Bourjembois 56, Lille	
Hnard			à Beaurevoix (Aisne)	
Hu	1896		à Vermelles (Pas-de-Calais)	
Huas	1886		Orléans (Loiret)	
Huber	53		à Amiens (Somme)	
Hubert	1875		Buzançais (Indre)	
Hubert (P.)	1880	✶	Cherbourg (Manche)	
Hubert			à Jarnac (Charente)	
Hubrecht (Ch.)	1895		Wormhout (N.)	
Huc	1880		à Calais (Pas-de-Calais)	
Hudellet (E.-A.)	1873	Q	Bourg (Ain)	
Hue	1850		Orbec-en-Auge (Calvados)	
Hue fils	1889		id.	
Hue (J.)	1867	Q I	Rouen (Seine-Inf.)	
Hue (A.-F.)	1867	Q	Rouen (Seine-Inf.)	
Hue	1891		Estissac (Aube)	
Huc	1897		à Verzeilles (Aude)	
Huet	1890		à Quintin (C.-du-Nord)	
Huette	1878		Montargis (Loiret)	
Hugé (A.)	1856	Q	Sézanne (Marne)	
Hugé (M.)			Boileau 5, Nantes	
Hugon	1877	Q	Saint-Flour (Cantal)	
Hugon	1897		à Barbezieux (Charente)	
Hugonneau	1875	✶ I	St-Mathieu (Hte-Vienne)	
Hugonnet	1893		Montmirail (Marne)	
Hugounencq		AG. ✶ I Q	q. Guil. 24, Lyon	
Huguenart	1895		Courchaton (H.-S.)	
Hugues	1874		Fleurie (Rhône)	
Hugues	1862		Nice (Alpes-Mar.)	
Hugues	1890		Loriol (Drôme)	
Hugues	1884		à Cannes (Alpes-Mar.)	
Hugues	1895		Mustapha (Alger)	
Hugues			à Arcs (Var)	
Hugues Fils	1897		à Nice	
Hugues (A.)	1896		à Cannes [Alpes-M.]	
Hugues	1900		à Marguerittes (Gard)
