nom	année	notes	adresse	horaires
Zimmer	1907		Jouarre (S.-et-M.)	
Zimmer			Avignon (Vaucluse)	
Zimmermann	1880		Corcieux (Vosges)	
Zimmermann	1901		Auxonne (C.-d'Or.)	
Zippel	1886	✶	Dijon (Côte-d'Or)	
Zivie	1911		Monthureux (Vosges)	
Zoeller	1877		Philippeville (Constantine)	
Zolotnitsky	1894		à Beaumont (S.-et-M.)	
Zubert	1899		Epinal (Vosges)	
Zuccarelli (J.-F.)	1879	✶	Corté (Corse)	
Zuccarelli	1885		Bastia (Corse)	
Zysmann (S.)			Chenoise (S.-et-M.)
